X	        Y		Z		Cp
1.0000E+00	1.9637E+00	0.0000E+00	7.6997E-02
9.9999E-01	1.9637E+00	2.0000E-06	9.3067E-02
9.9999E-01	1.9637E+00	4.0000E-06	7.9094E-02
9.9998E-01	1.9637E+00	6.0000E-06	9.1138E-02
9.9997E-01	1.9637E+00	9.0000E-06	8.1397E-02
9.9996E-01	1.9637E+00	1.2000E-05	8.9343E-02
9.9994E-01	1.9637E+00	1.5000E-05	8.3371E-02
9.9993E-01	1.9637E+00	1.9000E-05	8.8166E-02
9.9991E-01	1.9637E+00	2.4000E-05	8.4620E-02
9.9989E-01	1.9637E+00	2.9000E-05	8.7529E-02
9.9987E-01	1.9637E+00	3.5000E-05	8.5453E-02
9.9985E-01	1.9637E+00	4.2000E-05	8.7192E-02
9.9982E-01	1.9637E+00	5.0000E-05	8.5994E-02
9.9978E-01	1.9637E+00	5.9000E-05	8.7053E-02
9.9975E-01	1.9637E+00	6.9000E-05	8.6361E-02
9.9970E-01	1.9637E+00	8.0000E-05	8.7031E-02
9.9966E-01	1.9637E+00	9.4000E-05	8.6582E-02
9.9960E-01	1.9637E+00	1.0900E-04	8.7061E-02
9.9954E-01	1.9637E+00	1.2600E-04	8.6758E-02
9.9946E-01	1.9637E+00	1.4600E-04	8.7057E-02
9.9938E-01	1.9637E+00	1.6800E-04	8.6876E-02
9.9929E-01	1.9637E+00	1.9400E-04	8.7037E-02
9.9918E-01	1.9637E+00	2.2400E-04	8.6908E-02
9.9905E-01	1.9637E+00	2.5700E-04	8.7002E-02
9.9891E-01	1.9637E+00	2.9600E-04	8.6864E-02
9.9875E-01	1.9637E+00	3.4000E-04	8.6890E-02
9.9857E-01	1.9637E+00	3.9000E-04	8.6738E-02
9.9836E-01	1.9637E+00	4.4700E-04	8.6688E-02
9.9812E-01	1.9637E+00	5.1200E-04	8.6505E-02
9.9784E-01	1.9637E+00	5.8700E-04	8.6374E-02
9.9753E-01	1.9637E+00	6.7200E-04	8.6137E-02
9.9717E-01	1.9637E+00	7.6900E-04	8.5919E-02
9.9676E-01	1.9637E+00	8.8000E-04	8.5611E-02
9.9629E-01	1.9637E+00	1.0070E-03	8.5284E-02
9.9576E-01	1.9637E+00	1.1510E-03	8.4873E-02
9.9515E-01	1.9637E+00	1.3160E-03	8.4416E-02
9.9446E-01	1.9637E+00	1.5040E-03	8.3866E-02
9.9366E-01	1.9637E+00	1.7170E-03	8.3241E-02
9.9276E-01	1.9637E+00	1.9610E-03	8.2503E-02
9.9173E-01	1.9637E+00	2.2390E-03	8.1662E-02
9.9055E-01	1.9637E+00	2.5550E-03	8.0676E-02
9.8922E-01	1.9637E+00	2.9140E-03	7.9542E-02
9.8769E-01	1.9637E+00	3.3230E-03	7.8211E-02
9.8595E-01	1.9637E+00	3.7880E-03	7.6674E-02
9.8398E-01	1.9637E+00	4.3150E-03	7.4879E-02
9.8173E-01	1.9637E+00	4.9130E-03	7.2779E-02
9.7917E-01	1.9637E+00	5.5910E-03	7.0326E-02
9.7626E-01	1.9637E+00	6.3590E-03	6.7435E-02
9.7297E-01	1.9637E+00	7.2260E-03	6.4046E-02
9.6923E-01	1.9637E+00	8.2050E-03	6.0010E-02
9.6499E-01	1.9637E+00	9.3090E-03	5.5259E-02
9.6019E-01	1.9637E+00	1.0550E-02	4.9599E-02
9.5477E-01	1.9637E+00	1.1943E-02	4.2911E-02
9.4865E-01	1.9637E+00	1.3502E-02	3.4938E-02
9.4176E-01	1.9637E+00	1.5244E-02	2.5491E-02
9.3400E-01	1.9637E+00	1.7182E-02	1.4358E-02
9.2530E-01	1.9637E+00	1.9332E-02	1.2000E-03
9.1556E-01	1.9637E+00	2.1708E-02	-1.4203E-02
9.0468E-01	1.9637E+00	2.4322E-02	-3.2051E-02
8.9257E-01	1.9637E+00	2.7183E-02	-5.2583E-02
8.7912E-01	1.9637E+00	3.0299E-02	-7.6012E-02
8.6426E-01	1.9637E+00	3.3672E-02	-1.0233E-01
8.4789E-01	1.9637E+00	3.7298E-02	-1.3165E-01
8.2995E-01	1.9637E+00	4.1168E-02	-1.6380E-01
8.1036E-01	1.9637E+00	4.5263E-02	-1.9867E-01
7.8911E-01	1.9637E+00	4.9559E-02	-2.3615E-01
7.6617E-01	1.9637E+00	5.4020E-02	-2.7590E-01
7.4156E-01	1.9637E+00	5.8601E-02	-3.1774E-01
7.1534E-01	1.9637E+00	6.3248E-02	-3.6155E-01
6.8759E-01	1.9637E+00	6.7899E-02	-4.0709E-01
6.5845E-01	1.9637E+00	7.2483E-02	-4.5416E-01
6.2808E-01	1.9637E+00	7.6925E-02	-5.0283E-01
5.9669E-01	1.9637E+00	8.1148E-02	-5.5292E-01
5.6450E-01	1.9637E+00	8.5072E-02	-6.0449E-01
5.3179E-01	1.9637E+00	8.8624E-02	-6.5762E-01
4.9883E-01	1.9637E+00	9.1737E-02	-7.1198E-01
4.6590E-01	1.9637E+00	9.4355E-02	-7.6857E-01
4.3330E-01	1.9637E+00	9.6435E-02	-8.3472E-01
4.0129E-01	1.9637E+00	9.7948E-02	-9.0933E-01
3.7062E-01	1.9637E+00	9.8753E-02	-9.7290E-01
3.4104E-01	1.9637E+00	9.8718E-02	-1.0242E+00
3.1271E-01	1.9637E+00	9.7897E-02	-1.0683E+00
2.8575E-01	1.9637E+00	9.6366E-02	-1.1015E+00
2.6029E-01	1.9637E+00	9.4212E-02	-1.1253E+00
2.3639E-01	1.9637E+00	9.1530E-02	-1.1412E+00
2.1409E-01	1.9637E+00	8.8418E-02	-1.1499E+00
1.9340E-01	1.9637E+00	8.4973E-02	-1.1527E+00
1.7430E-01	1.9637E+00	8.1287E-02	-1.1503E+00
1.5676E-01	1.9637E+00	7.7443E-02	-1.1438E+00
1.4071E-01	1.9637E+00	7.3515E-02	-1.1340E+00
1.2609E-01	1.9637E+00	6.9566E-02	-1.1219E+00
1.1282E-01	1.9637E+00	6.5650E-02	-1.1081E+00
1.0081E-01	1.9637E+00	6.1809E-02	-1.0929E+00
8.9975E-02	1.9637E+00	5.8076E-02	-1.0769E+00
8.0229E-02	1.9637E+00	5.4476E-02	-1.0607E+00
7.1479E-02	1.9637E+00	5.1027E-02	-1.0442E+00
6.3642E-02	1.9637E+00	4.7740E-02	-1.0274E+00
5.6634E-02	1.9637E+00	4.4622E-02	-1.0107E+00
5.0378E-02	1.9637E+00	4.1675E-02	-9.9396E-01
4.4800E-02	1.9637E+00	3.8899E-02	-9.7728E-01
3.9833E-02	1.9637E+00	3.6290E-02	-9.6027E-01
3.5415E-02	1.9637E+00	3.3844E-02	-9.4273E-01
3.1487E-02	1.9637E+00	3.1553E-02	-9.2482E-01
2.7998E-02	1.9637E+00	2.9412E-02	-9.0664E-01
2.4901E-02	1.9637E+00	2.7413E-02	-8.8717E-01
2.2153E-02	1.9637E+00	2.5548E-02	-8.6750E-01
1.9714E-02	1.9637E+00	2.3809E-02	-8.4683E-01
1.7551E-02	1.9637E+00	2.2188E-02	-8.2436E-01
1.5633E-02	1.9637E+00	2.0678E-02	-7.9987E-01
1.3932E-02	1.9637E+00	1.9271E-02	-7.7623E-01
1.2422E-02	1.9637E+00	1.7962E-02	-7.5128E-01
1.1083E-02	1.9637E+00	1.6742E-02	-7.2285E-01
9.8950E-03	1.9637E+00	1.5606E-02	-6.9521E-01
8.8410E-03	1.9637E+00	1.4549E-02	-6.6526E-01
7.9040E-03	1.9637E+00	1.3563E-02	-6.3556E-01
7.0720E-03	1.9637E+00	1.2646E-02	-6.0439E-01
6.3320E-03	1.9637E+00	1.1790E-02	-5.7214E-01
5.6740E-03	1.9637E+00	1.0993E-02	-5.3934E-01
5.0890E-03	1.9637E+00	1.0250E-02	-5.0666E-01
4.5670E-03	1.9637E+00	9.5570E-03	-4.7315E-01
4.1030E-03	1.9637E+00	8.9110E-03	-4.3950E-01
3.6880E-03	1.9637E+00	8.3080E-03	-4.0753E-01
3.3180E-03	1.9637E+00	7.7450E-03	-3.7227E-01
2.9880E-03	1.9637E+00	7.2200E-03	-3.3978E-01
2.6920E-03	1.9637E+00	6.7290E-03	-3.0844E-01
2.4270E-03	1.9637E+00	6.2700E-03	-2.7555E-01
2.1900E-03	1.9637E+00	5.8410E-03	-2.4654E-01
1.9770E-03	1.9637E+00	5.4400E-03	-2.1763E-01
1.7860E-03	1.9637E+00	5.0640E-03	-1.8824E-01
1.6140E-03	1.9637E+00	4.7120E-03	-1.6145E-01
1.4590E-03	1.9637E+00	4.3820E-03	-1.3452E-01
1.3190E-03	1.9637E+00	4.0730E-03	-1.1303E-01
1.1920E-03	1.9637E+00	3.7830E-03	-8.7064E-02
1.0780E-03	1.9637E+00	3.5100E-03	-6.2745E-02
9.7400E-04	1.9637E+00	3.2530E-03	-4.0891E-02
8.8000E-04	1.9637E+00	3.0110E-03	-1.8893E-02
7.9400E-04	1.9637E+00	2.7830E-03	9.4175E-04
7.1600E-04	1.9637E+00	2.5670E-03	2.4425E-02
6.4500E-04	1.9637E+00	2.3630E-03	4.4044E-02
5.7900E-04	1.9637E+00	2.1680E-03	6.0120E-02
5.1800E-04	1.9637E+00	1.9830E-03	7.7807E-02
4.6200E-04	1.9637E+00	1.8060E-03	9.6512E-02
4.1000E-04	1.9637E+00	1.6360E-03	1.1210E-01
3.6100E-04	1.9637E+00	1.4710E-03	1.2638E-01
3.1500E-04	1.9637E+00	1.3100E-03	1.4798E-01
2.7200E-04	1.9637E+00	1.1510E-03	1.6064E-01
2.2900E-04	1.9637E+00	9.9200E-04	1.7862E-01
1.8700E-04	1.9637E+00	8.2800E-04	1.8559E-01
1.4400E-04	1.9637E+00	6.5200E-04	2.0549E-01
9.5000E-05	1.9637E+00	4.4500E-04	2.6179E-01
0.0000E+00	1.9637E+00	0.0000E+00	2.9645E-01
-8.2000E-05	1.9637E+00	-4.4300E-04	3.0842E-01
-1.1600E-04	1.9637E+00	-6.4700E-04	3.5996E-01
-1.4200E-04	1.9637E+00	-8.1900E-04	3.8129E-01
-1.6500E-04	1.9637E+00	-9.7900E-04	3.8378E-01
-1.8500E-04	1.9637E+00	-1.1340E-03	4.0941E-01
-2.0400E-04	1.9637E+00	-1.2880E-03	4.2141E-01
-2.2100E-04	1.9637E+00	-1.4430E-03	4.4156E-01
-2.3700E-04	1.9637E+00	-1.6010E-03	4.5567E-01
-2.5200E-04	1.9637E+00	-1.7640E-03	4.7282E-01
-2.6500E-04	1.9637E+00	-1.9320E-03	4.9465E-01
-2.7600E-04	1.9637E+00	-2.1080E-03	5.1133E-01
-2.8600E-04	1.9637E+00	-2.2910E-03	5.3172E-01
-2.9300E-04	1.9637E+00	-2.4820E-03	5.5423E-01
-2.9800E-04	1.9637E+00	-2.6840E-03	5.7491E-01
-3.0000E-04	1.9637E+00	-2.8950E-03	5.9668E-01
-2.9900E-04	1.9637E+00	-3.1180E-03	6.2152E-01
-2.9300E-04	1.9637E+00	-3.3530E-03	6.4514E-01
-2.8300E-04	1.9637E+00	-3.6010E-03	6.7125E-01
-2.6600E-04	1.9637E+00	-3.8630E-03	6.9918E-01
-2.4300E-04	1.9637E+00	-4.1400E-03	7.2569E-01
-2.1200E-04	1.9637E+00	-4.4320E-03	7.5397E-01
-1.7200E-04	1.9637E+00	-4.7420E-03	7.8247E-01
-1.2000E-04	1.9637E+00	-5.0690E-03	8.1371E-01
-5.5000E-05	1.9637E+00	-5.4150E-03	8.4181E-01
2.4000E-05	1.9637E+00	-5.7800E-03	8.7173E-01
1.2200E-04	1.9637E+00	-6.1670E-03	9.0108E-01
2.4000E-04	1.9637E+00	-6.5760E-03	9.2756E-01
3.8100E-04	1.9637E+00	-7.0070E-03	9.5361E-01
5.5100E-04	1.9637E+00	-7.4630E-03	9.7625E-01
7.5200E-04	1.9637E+00	-7.9430E-03	9.9540E-01
9.9100E-04	1.9637E+00	-8.4500E-03	1.0104E+00
1.2730E-03	1.9637E+00	-8.9830E-03	1.0196E+00
1.6040E-03	1.9637E+00	-9.5440E-03	1.0230E+00
1.9930E-03	1.9637E+00	-1.0134E-02	1.0196E+00
2.4480E-03	1.9637E+00	-1.0753E-02	1.0092E+00
2.9790E-03	1.9637E+00	-1.1402E-02	9.9076E-01
3.5980E-03	1.9637E+00	-1.2080E-02	9.6488E-01
4.3170E-03	1.9637E+00	-1.2789E-02	9.3195E-01
5.1520E-03	1.9637E+00	-1.3528E-02	8.9216E-01
6.1200E-03	1.9637E+00	-1.4296E-02	8.4700E-01
7.2410E-03	1.9637E+00	-1.5093E-02	7.9763E-01
8.5350E-03	1.9637E+00	-1.5917E-02	7.4552E-01
1.0029E-02	1.9637E+00	-1.6767E-02	6.9112E-01
1.1751E-02	1.9637E+00	-1.7639E-02	6.3735E-01
1.3732E-02	1.9637E+00	-1.8532E-02	5.8428E-01
1.6010E-02	1.9637E+00	-1.9440E-02	5.3377E-01
1.8624E-02	1.9637E+00	-2.0360E-02	4.8577E-01
2.1621E-02	1.9637E+00	-2.1284E-02	4.3938E-01
2.5052E-02	1.9637E+00	-2.2208E-02	3.9595E-01
2.8973E-02	1.9637E+00	-2.3121E-02	3.5623E-01
3.3448E-02	1.9637E+00	-2.4015E-02	3.2119E-01
3.8546E-02	1.9637E+00	-2.4879E-02	2.8995E-01
4.4345E-02	1.9637E+00	-2.5701E-02	2.6253E-01
5.0926E-02	1.9637E+00	-2.6467E-02	2.3897E-01
5.8380E-02	1.9637E+00	-2.7163E-02	2.1881E-01
6.6802E-02	1.9637E+00	-2.7772E-02	2.0202E-01
7.6294E-02	1.9637E+00	-2.8278E-02	1.8824E-01
8.6961E-02	1.9637E+00	-2.8662E-02	1.7727E-01
9.8910E-02	1.9637E+00	-2.8908E-02	1.6913E-01
1.1225E-01	1.9637E+00	-2.9000E-02	1.6304E-01
1.2708E-01	1.9637E+00	-2.8921E-02	1.5914E-01
1.4350E-01	1.9637E+00	-2.8661E-02	1.5711E-01
1.6160E-01	1.9637E+00	-2.8210E-02	1.5665E-01
1.8144E-01	1.9637E+00	-2.7568E-02	1.5753E-01
2.0307E-01	1.9637E+00	-2.6738E-02	1.5934E-01
2.2651E-01	1.9637E+00	-2.5734E-02	1.6193E-01
2.5174E-01	1.9637E+00	-2.4578E-02	1.6474E-01
2.7871E-01	1.9637E+00	-2.3301E-02	1.6757E-01
3.0731E-01	1.9637E+00	-2.1947E-02	1.6979E-01
3.3742E-01	1.9637E+00	-2.0564E-02	1.6989E-01
3.6884E-01	1.9637E+00	-1.9211E-02	1.6966E-01
4.0132E-01	1.9637E+00	-1.7949E-02	1.6576E-01
4.3414E-01	1.9637E+00	-1.6687E-02	1.5774E-01
4.6753E-01	1.9637E+00	-1.5344E-02	1.5392E-01
5.0117E-01	1.9637E+00	-1.3960E-02	1.5376E-01
5.3479E-01	1.9637E+00	-1.2572E-02	1.5375E-01
5.6806E-01	1.9637E+00	-1.1216E-02	1.5388E-01
6.0071E-01	1.9637E+00	-9.9210E-03	1.5399E-01
6.3246E-01	1.9637E+00	-8.7090E-03	1.5390E-01
6.6309E-01	1.9637E+00	-7.5950E-03	1.5349E-01
6.9239E-01	1.9637E+00	-6.5870E-03	1.5278E-01
7.2021E-01	1.9637E+00	-5.6880E-03	1.5170E-01
7.4641E-01	1.9637E+00	-4.8950E-03	1.5036E-01
7.7093E-01	1.9637E+00	-4.2040E-03	1.4874E-01
7.9373E-01	1.9637E+00	-3.6050E-03	1.4688E-01
8.1480E-01	1.9637E+00	-3.0900E-03	1.4495E-01
8.3415E-01	1.9637E+00	-2.6490E-03	1.4284E-01
8.5185E-01	1.9637E+00	-2.2720E-03	1.4074E-01
8.6795E-01	1.9637E+00	-1.9510E-03	1.3864E-01
8.8254E-01	1.9637E+00	-1.6770E-03	1.3650E-01
8.9571E-01	1.9637E+00	-1.4430E-03	1.3451E-01
9.0755E-01	1.9637E+00	-1.2440E-03	1.3256E-01
9.1817E-01	1.9637E+00	-1.0740E-03	1.3066E-01
9.2767E-01	1.9637E+00	-9.2900E-04	1.2880E-01
9.3614E-01	1.9637E+00	-8.0400E-04	1.2704E-01
9.4368E-01	1.9637E+00	-6.9700E-04	1.2543E-01
9.5037E-01	1.9637E+00	-6.0500E-04	1.2387E-01
9.5631E-01	1.9637E+00	-5.2600E-04	1.2227E-01
9.6156E-01	1.9637E+00	-4.5700E-04	1.2090E-01
9.6621E-01	1.9637E+00	-3.9800E-04	1.1951E-01
9.7031E-01	1.9637E+00	-3.4600E-04	1.1820E-01
9.7393E-01	1.9637E+00	-3.0200E-04	1.1709E-01
9.7711E-01	1.9637E+00	-2.6300E-04	1.1566E-01
9.7992E-01	1.9637E+00	-2.2900E-04	1.1464E-01
9.8239E-01	1.9637E+00	-2.0000E-04	1.1374E-01
9.8456E-01	1.9637E+00	-1.7500E-04	1.1232E-01
9.8647E-01	1.9637E+00	-1.5200E-04	1.1141E-01
9.8814E-01	1.9637E+00	-1.3300E-04	1.1062E-01
9.8961E-01	1.9637E+00	-1.1600E-04	1.0944E-01
9.9090E-01	1.9637E+00	-1.0200E-04	1.0882E-01
9.9204E-01	1.9637E+00	-8.9000E-05	1.0716E-01
9.9303E-01	1.9637E+00	-7.7000E-05	1.0704E-01
9.9390E-01	1.9637E+00	-6.8000E-05	1.0607E-01
9.9466E-01	1.9637E+00	-5.9000E-05	1.0490E-01
9.9533E-01	1.9637E+00	-5.2000E-05	1.0454E-01
9.9592E-01	1.9637E+00	-4.5000E-05	1.0321E-01
9.9643E-01	1.9637E+00	-3.9000E-05	1.0292E-01
9.9688E-01	1.9637E+00	-3.4000E-05	1.0235E-01
9.9727E-01	1.9637E+00	-3.0000E-05	1.0139E-01
9.9762E-01	1.9637E+00	-2.6000E-05	1.0053E-01
9.9792E-01	1.9637E+00	-2.3000E-05	1.0032E-01
9.9819E-01	1.9637E+00	-2.0000E-05	9.8942E-02
9.9842E-01	1.9637E+00	-1.7000E-05	9.8750E-02
9.9862E-01	1.9637E+00	-1.5000E-05	9.8611E-02
9.9880E-01	1.9637E+00	-1.3000E-05	9.7270E-02
9.9895E-01	1.9637E+00	-1.1000E-05	9.7268E-02
9.9909E-01	1.9637E+00	-1.0000E-05	9.7022E-02
9.9921E-01	1.9637E+00	-9.0000E-06	9.5668E-02
9.9931E-01	1.9637E+00	-8.0000E-06	9.5586E-02
9.9940E-01	1.9637E+00	-7.0000E-06	9.4496E-02
9.9948E-01	1.9637E+00	-6.0000E-06	9.4593E-02
9.9955E-01	1.9637E+00	-5.0000E-06	9.3650E-02
9.9962E-01	1.9637E+00	-4.0000E-06	9.3867E-02
9.9967E-01	1.9637E+00	-4.0000E-06	9.4056E-02
9.9972E-01	1.9637E+00	-3.0000E-06	9.1544E-02
9.9976E-01	1.9637E+00	-3.0000E-06	9.4953E-02
9.9979E-01	1.9637E+00	-2.0000E-06	8.9130E-02
9.9982E-01	1.9637E+00	-2.0000E-06	9.6125E-02
9.9985E-01	1.9637E+00	-2.0000E-06	8.7758E-02
9.9988E-01	1.9637E+00	-1.0000E-06	9.4679E-02
9.9990E-01	1.9637E+00	-1.0000E-06	8.8798E-02
9.9992E-01	1.9637E+00	-1.0000E-06	9.3073E-02
9.9993E-01	1.9637E+00	-1.0000E-06	8.8863E-02
9.9995E-01	1.9637E+00	-1.0000E-06	9.0734E-02
9.9996E-01	1.9637E+00	0.0000E+00	8.8781E-02
9.9997E-01	1.9637E+00	0.0000E+00	8.8394E-02
9.9998E-01	1.9637E+00	0.0000E+00	8.9909E-02
9.9999E-01	1.9637E+00	0.0000E+00	8.3685E-02
9.9999E-01	1.9637E+00	0.0000E+00	8.9939E-02
1.0000E+00	1.9637E+00	0.0000E+00	7.6997E-02
